1001608934
1865687462
519221856
196202418
1876440239
481309692
257361246
893058778
1708949663
859680834
376198218
1304159345
775939283
107869658
988217991
1111981378
1119296422
417702499
72207373
993413098
1075012666
231240803
728175320
927495536
25886288
2012555507
148246713
1297962443
1763856778
554891802
429114708
1860579156
799796481
489401237
829514650
1579301123
2090329059
975839212
13289183
2048157316
147114907
1696755228
18116178
1616353460
1961777368
912178094
1254009547
1977383943
78159626
1869329937
518962124
1230763147
542633330
1527010671
929799851
40271317
1493032028
1144170901
1879195962
1997011094
538722960
874995561
889079645
1080491777
901894803
1430866311
61094092
890436421
1864295738
1679327539
2098463357
923285140
2046685377
746645880
666937754
55104531
772927900
160313851
1961080694
110389962
876710936
1591909998
562190788
1708571711
1797506561
1390694408
1314136503
1680709339
97192734
1608349308
1557554217
2079799592
1379281391
1361121561
1002686510
1588416319
770007412
293760807
1614677726
387482978
